7.6 2020 10 19 20 54 38 54.602 -159.626 35 345 59 167 82 79 32
7.0 2020 08 18 22 29 24 -4.207 101.241 19 298 19 81 128 72 93
7.8 2020 07 22 06 12 44 55.071 -158.596 30 239 20 86 63 70 92
7.4 2020 06 23 15 29 04 15.886 -96.008 23 264 22 54 122 72 104
7.4 2020 06 18 12 49 53 -33.293 -177.857 20 135 44 -155 26 73 -49
7.5 2020 03 25 02 49 21 48.964 157.695 42 31 38 98 201 53 84
7.8 2020 01 28 19 10 24 19.419 -78.756 25 166 85 166 257 76 5
7.1 2019 11 14 16 17 40 1.621 126.416 21 21 43 75 221 49 104
7.4 2019 07 14 09 10 51 -0.586 128.034 14 36 90 160 126 70 0
7.0 2019 07 06 03 19 53 35.770 -117.599 12 52 83 11 321 79 173
7.3 2019 06 15 22 55 04 -30.644 -178.100 48 208 32 101 14 59 83
7.5 2019 05 14 12 58 25 -4.051 152.597 15 314 81 10 222 80 171
7.5 2018 12 05 04 18 08 -21.950 169.427 14 149 34 -65 299 59 -106
7.1 2018 11 30 17 29 29 61.346 -149.955 59 20 27 -83 192 63 -94
7.0 2018 10 10 20 48 20 -5.701 151.205 47 242 34 67 89 59 105
7.5 2018 09 28 10 02 45 -0.256 119.846 29 259 81 163 352 74 9
7.1 2018 08 29 03 51 56 -22.029 170.126 25 322 23 94 137 67 88
7.5 2018 02 25 17 44 44 -6.070 142.754 15 313 40 90 133 50 90
7.2 2018 02 16 23 39 39 16.385 -97.979 19 307 18 96 121 72 88
7.9 2018 01 23 09 31 40 56.004 -149.166 21 262 70 22 165 69 159
7.1 2018 01 14 09 18 45 -15.767 -74.709 45 297 45 74 140 47 106
7.4 2018 01 10 02 51 33 17.483 -83.520 13 78 85 -15 169 75 -174
7.3 2017 11 12 18 18 17 34.911 45.959 21 1 17 146 124 81 76
7.1 2017 09 19 18 14 38 18.550 -98.489 60 107 41 -94 292 49 -87
8.1 2017 09 08 04 49 19 15.022 -93.899 45 164 16 -61 313 76 -98
8.0 2017 07 17 23 34 13 54.443 168.857 19 217 87 26 126 65 177
7.6 2016 12 25 14 22 27 -43.406 -73.941 31 360 22 96 173 68 87
7.9 2016 12 08 17 38 46 -10.681 161.327 43 155 46 122 294 52 61
7.9 2016 11 13 11 02 56 -42.737 173.054 22 225 28 150 342 77 66
7.1 2016 09 01 16 37 57 -37.359 179.146 26 349 19 -139 219 77 -75
7.1 2016 08 29 04 29 57 -0.046 -17.826 16 79 65 -177 348 87 -25
7.4 2016 08 19 07 32 22 -55.285 -31.877 18 100 21 46 326 75 105
7.2 2016 08 12 01 26 36 -22.476 173.117 20 278 65 173 11 84 25
7.8 2016 04 16 23 58 36 0.382 -79.922 18 24 22 118 174 71 79
7.8 2016 03 02 12 49 48 -4.952 94.330 17 274 78 169 6 79 12
7.4 2015 12 07 07 50 05 38.211 72.780 13 213 75 -22 309 69 -164
7.1 2015 12 04 22 25 00 -47.617 85.091 22 39 43 -58 179 54 -116
8.3 2015 09 16 22 54 32 -31.573 -71.674 17 12 20 110 171 71 83
7.3 2015 05 12 07 05 19 27.809 86.065 12 302 12 111 101 79 86
7.5 2015 05 05 01 44 06 -5.462 151.875 46 238 32 66 85 61 104
7.9 2015 04 25 06 11 25 28.230 84.731 12 301 6 111 100 85 88
7.5 2015 03 29 23 48 31 -4.736 152.558 38 259 27 90 79 63 90
7.1 2014 11 15 02 31 41 1.893 126.522 37 42 40 113 192 54 72
7.2 2014 10 14 03 51 34 12.526 -88.122 59 128 17 -86 304 73 -91
7.1 2014 06 23 19 19 15 -29.978 -177.725 21 190 22 90 10 68 90
7.0 2014 05 24 09 25 03 40.300 25.382 31 73 72 174 165 85 18
7.4 2014 04 19 13 28 00 -6.755 155.024 39 293 33 82 122 57 95
7.2 2014 04 18 14 27 24 17.397 -100.972 24 299 21 90 119 69 90
7.4 2014 04 13 12 36 19 -11.463 162.051 27 88 40 69 294 53 107
7.6 2014 04 12 20 14 39 -11.270 162.148 27 119 68 23 20 69 157
7.1 2014 04 11 07 07 23 -6.586 155.048 55 304 43 83 134 48 97
7.7 2014 04 03 02 43 13 -20.571 -70.493 29 346 26 91 165 64 90
7.9 2014 04 01 23 46 47 -19.610 -70.769 27 352 23 97 164 67 87
7.0 2014 03 10 05 18 13 40.829 -125.134 10 321 78 -169 228 79 -12
7.0 2013 11 25 06 27 33 -53.945 -55.003 14 65 62 -6 158 85 -152
7.1 2013 10 25 17 10 19 37.156 144.661 22 168 39 -111 14 54 -74
7.1 2013 10 15 00 12 32 9.880 124.117 12 24 48 58 246 51 121
7.0 2013 09 25 16 42 43 -15.839 -74.511 46 306 35 78 141 56 98
7.7 2013 09 24 11 29 47 26.951 65.501 16 222 61 -7 315 84 -150
7.0 2013 08 30 16 25 02 51.537 -175.230 25 251 23 94 67 67 88
7.5 2013 07 15 14 03 43 -60.868 -25.144 12 93 74 -11 186 79 -164
7.9 2013 02 06 01 12 27 -10.738 165.138 30 302 27 51 165 70 108
7.5 2013 01 05 08 58 19 55.394 -134.650 16 245 85 -15 336 76 -175
7.2 2012 12 07 08 18 23 37.890 143.949 44 6 39 102 170 52 80
7.3 2012 11 07 16 35 46 13.963 -91.854 29 301 36 92 119 54 88
7.8 2012 10 28 03 04 08 52.788 -132.101 12 333 27 127 113 69 73
7.5 2012 09 05 14 42 07 10.085 -85.315 29 298 24 87 122 66 91
7.6 2012 08 31 12 47 33 10.811 126.638 36 350 40 71 194 52 105
7.4 2012 08 27 04 37 19 12.139 -88.590 12 279 15 70 119 76 95
8.7 2012 04 11 08 38 36 2.327 93.063 24 289 83 175 20 85 7
7.1 2012 03 25 22 37 06 -35.200 -72.217 28 22 23 113 177 69 81
7.4 2012 03 20 18 02 47 16.493 -98.231 26 286 19 81 116 71 93
7.1 2012 01 10 18 36 59 2.430 93.220 12 280 77 -174 188 84 -13
7.1 2011 10 23 10 41 22 38.720 43.510 17 246 52 60 109 47 123
7.4 2011 10 21 17 57 16 -28.990 -176.240 48 201 40 84 29 50 95
7.0 2011 08 20 16 55 02 -18.360 168.140 43 334 30 87 158 60 92
7.6 2011 07 06 19 03 18 -29.540 -176.340 18 6 46 -75 165 47 -105
7.3 2011 06 24 03 09 39 52.050 -171.840 59 318 7 149 78 87 84
7.1 2011 04 07 14 32 43 38.280 141.590 60 19 36 83 208 54 95
9.0 2011 03 11 05 46 24 38.300 142.370 15 197 14 84 24 76 92
7.3 2011 03 09 02 45 20 38.440 142.840 36 202 11 91 21 79 90
7.2 2011 01 02 20 20 17 -38.350 -73.330 19 4 15 94 179 75 89
7.3 2010 12 25 13 16 37 -19.700 167.950 12 132 23 -128 352 72 -75
7.3 2010 12 21 17 19 40 26.900 143.700 19 339 51 -57 113 49 -124
7.8 2010 10 25 14 42 22 -3.490 100.080 12 317 9 92 135 81 90
7.0 2010 09 03 16 35 47 -43.520 171.830 9 181 82 13 89 77 171
7.2 2010 08 10 05 23 44 -17.540 168.070 36 344 34 115 134 60 74
7.5 2010 06 12 19 26 50 7.880 91.940 26 224 54 32 114 65 139
7.1 2010 05 27 17 14 46 -13.700 166.640 39 157 44 83 347 46 97
7.2 2010 05 09 05 59 41 3.750 96.020 46 309 20 88 131 70 91
7.7 2010 04 06 22 15 01 2.380 97.050 22 296 14 74 132 77 94
7.1 2010 04 04 22 40 43 32.300 -115.280 14 217 74 -16 311 74 -164
8.8 2010 02 27 06 34 11 -36.120 -72.900 24 24 18 117 176 74 82
7.1 2010 01 12 21 53 10 18.440 -72.570 18 248 86 26 156 64 175
7.2 2010 01 03 22 36 25 -8.780 157.350 12 331 19 116 124 73 82
7.6 2009 10 07 22 03 14 -13.010 166.510 41 345 42 93 160 48 87
8.1 2009 09 29 17 48 10 -15.490 -172.100 12 328 30 -65 120 63 -104
7.1 2009 09 02 07 55 01 -7.780 107.300 48 27 43 113 177 52 70
7.5 2009 08 10 19 55 38 14.100 92.900 17 226 18 -90 45 72 -90
7.7 2009 07 15 09 22 29 -45.760 166.560 27 38 34 144 158 71 61
7.4 2009 05 28 08 24 46 16.730 -86.220 29 65 81 -6 156 84 -171
7.6 2009 03 19 18 17 40 -23.040 -174.660 53 9 41 80 202 50 98
7.1 2009 02 11 17 34 50 3.890 126.390 27 170 39 71 14 53 105
7.4 2009 01 15 17 49 39 46.860 155.150 35 15 40 90 195 50 90
7.6 2009 01 03 19 43 50 -0.410 132.880 14 106 25 68 310 67 100
7.3 2008 11 16 17 02 32 1.270 122.090 40 87 23 78 280 67 95
7.0 2008 09 29 15 19 31 -29.760 -177.680 46 206 36 98 16 55 84
7.1 2008 06 30 06 17 43 -58.230 -22.100 6 235 75 -16 329 75 -164
8.0 2008 05 12 06 28 01 31.000 103.320 15 224 31 137 353 70 67
7.0 2008 04 12 00 30 12 -55.660 158.450 25 181 45 93 357 45 88
7.2 2008 04 09 12 46 12 -20.070 168.890 41 319 33 83 147 57 94
7.1 2008 03 20 22 32 57 35.490 81.470 13 210 44 -53 343 56 -120
7.0 2008 02 25 08 36 33 -2.490 99.970 28 325 15 104 131 76 86
7.4 2008 02 20 08 08 30 2.770 95.960 17 290 12 66 135 79 95
7.1 2007 12 19 09 30 27 51.360 -179.510 29 276 30 116 66 64 76
7.8 2007 11 14 15 40 50 -22.250 -69.890 45 6 27 106 168 64 82
7.2 2007 09 30 05 23 34 -49.270 164.120 14 25 32 126 164 65 70
8.3 2007 09 12 11 10 26 -4.440 101.370 29 333 20 115 127 72 81
7.3 2007 09 02 01 05 18 -11.610 165.760 42 321 25 76 156 66 96
8.1 2007 08 15 23 40 57 -13.390 -76.600 32 315 23 53 175 72 104
8.1 2007 04 01 20 39 58 -8.470 157.040 18 305 30 65 154 63 104
7.1 2007 03 25 00 40 01 -20.620 169.360 52 326 34 78 160 57 98
7.5 2007 01 21 11 27 45 1.070 126.280 17 31 40 103 194 51 79
8.1 2007 01 13 04 23 21 46.240 154.520 12 210 47 -128 79 55 -57
7.3 2006 12 26 12 34 13 21.970 120.490 13 163 31 0 73 90 121
7.1 2006 12 26 12 26 21 21.800 120.550 13 139 21 -100 329 69 -86
8.4 2006 11 15 11 14 13 46.590 153.270 12 211 14 86 35 76 91
7.8 2006 07 17 08 19 26 -9.280 107.420 22 287 9 91 105 81 90
8.0 2006 05 03 15 26 40 -20.190 -174.120 51 227 24 124 10 71 76
7.6 2006 04 20 23 25 02 60.950 167.090 12 52 45 121 192 53 63
7.1 2006 02 22 22 19 07 -21.320 33.580 13 324 25 -118 174 68 -78
7.4 2006 01 02 06 10 49 -60.960 -21.610 19 269 80 11 177 79 170
7.6 2005 10 08 03 50 40 34.540 73.590 12 333 28 121 118 66 74
7.2 2005 08 16 02 46 28 38.280 142.040 41 207 22 90 27 68 90
7.2 2005 07 24 15 42 06 7.920 92.190 22 215 77 15 121 75 166
7.2 2005 06 15 02 50 54 41.290 -125.950 12 137 88 158 228 68 2
8.5 2005 03 28 16 09 36 2.090 97.110 28 323 17 101 131 73 87
8.1 2004 12 23 14 59 04 -49.310 161.350 23 69 83 171 160 81 7
7.0 2004 11 26 02 25 03 -3.610 135.400 18 91 85 -138 357 48 -7
7.1 2004 11 22 20 26 23 -46.680 164.720 37 43 39 105 205 53 78
7.1 2004 11 15 09 06 56 4.700 -77.510 18 45 23 124 189 71 77
7.6 2004 11 11 21 26 41 -8.150 124.870 17 78 23 99 248 67 86
7.0 2004 10 09 21 26 53 11.420 -86.670 28 334 29 112 129 63 78
7.5 2004 09 05 14 57 18 33.180 137.070 12 297 55 122 70 46 53
7.2 2004 09 05 10 07 07 33.070 136.620 12 291 45 122 69 53 62
7.4 2004 02 07 02 42 35 -4.000 135.020 14 351 85 -149 258 59 -5
7.1 2004 01 03 16 23 21 -22.250 169.680 21 129 35 -87 305 55 -92
7.2 2003 12 27 16 00 59 -22.010 169.770 25 307 24 69 150 68 99
7.7 2003 11 17 06 43 06 51.150 178.650 24 295 25 138 63 74 71
7.2 2003 09 27 11 33 25 50.040 87.810 14 226 74 13 132 78 163
8.1 2003 09 25 19 50 06 41.810 143.910 41 257 24 137 28 74 72
7.2 2003 08 21 12 12 49 -45.100 167.140 21 48 24 111 205 67 81
7.5 2003 08 04 04 37 20 -60.530 -43.410 18 104 45 -16 205 79 -134
7.6 2003 07 15 20 27 50 -2.600 68.380 15 126 69 -12 220 79 -158
7.0 2003 03 17 16 36 17 51.270 177.980 24 293 24 138 62 74 72
7.4 2003 01 22 02 06 34 18.770 -104.100 33 298 22 90 118 68 90
7.2 2003 01 20 08 43 06 -10.490 160.770 32 300 43 53 166 57 120
7.9 2002 11 03 22 12 41 63.520 -147.440 19 26 86 -40 120 50 -174
7.3 2002 11 02 01 26 10 2.820 96.080 16 304 17 87 127 73 91
7.9 2002 10 10 10 50 20 -1.760 134.300 19 59 83 -7 150 83 -173
7.4 2002 09 08 18 44 23 -3.300 142.950 12 96 45 23 350 74 133
7.1 2002 03 31 06 52 50 24.280 122.180 40 292 32 124 73 64 71
7.5 2002 03 05 21 16 09 6.030 124.250 21 306 31 60 160 64 107
7.2 2002 01 02 17 22 48 -17.600 167.860 45 331 16 54 188 77 99
7.1 2001 12 12 14 02 35 -42.810 124.690 13 80 67 153 181 66 26
7.9 2001 11 14 09 26 10 35.950 90.540 12 186 57 168 283 80 34
7.5 2001 10 19 03 28 44 -4.100 123.910 22 274 76 19 179 72 166
7.2 2001 08 21 06 52 06 -36.810 -179.570 47 71 43 117 217 52 67
7.5 2001 07 07 09 38 43 -17.540 -72.080 28 313 21 56 169 72 102
8.3 2001 06 23 20 33 14 -16.260 -73.640 38 302 28 57 159 67 106
7.2 2001 02 24 07 23 48 1.270 126.250 28 198 40 80 31 51 98
7.3 2001 02 13 19 28 30 -4.680 102.560 29 304 20 90 124 70 90
7.7 2001 01 26 03 16 40 23.420 70.230 15 285 43 113 75 51 70
7.6 2001 01 13 17 33 32 13.050 -88.660 45 128 32 -90 308 58 -90
7.5 2001 01 01 06 57 04 6.900 126.580 48 176 45 63 31 51 114
7.5 2000 11 17 21 01 56 -5.500 151.780 46 237 31 75 75 60 99
8.1 2000 11 16 04 54 56 -3.980 152.170 28 143 73 -14 238 76 -162
7.8 2000 06 18 14 44 13 -13.800 97.450 18 253 73 162 349 73 18
8.0 2000 06 04 16 28 26 -4.720 102.090 41 82 55 136 201 55 44
7.7 2000 05 04 04 21 16 -1.110 123.570 12 147 39 31 32 71 125
7.0 2000 02 25 01 43 58 -19.530 173.820 15 49 82 15 316 75 172
